1 路径: 5 1 
2 路径: 5 2 1 
2 路径: 5 3 1 

2 路径: 6 5 1 
3 路径: 6 5 2 1 
3 路径: 6 3 1 
3 路径: 6 5 3 1 

2 路径: 6 5 1 
3 路径: 6 5 2 1 
3 路径: 6 3 1 
3 路径: 6 5 3 1 
4 路径: 6 3 2 1 
4 路径: 6 5 3 2 1 
7 路径: 6 5 4 3 1 
8 路径: 6 5 4 3 2 1 
-1 路径: 
-1 路径: 
-1 路径: 
-1 路径: 

2 路径: 8 2 1 
3 路径: 8 5 1 
4 路径: 8 5 2 1 
4 路径: 8 5 3 1 
5 路径: 8 5 3 2 1 
6 路径: 8 7 6 5 1 
7 路径: 8 7 6 5 2 1 
7 路径: 8 7 6 3 1 

2 路径: 8 2 1 
3 路径: 8 5 1 
4 路径: 8 5 2 1 
4 路径: 8 5 3 1 
5 路径: 8 5 3 2 1 
6 路径: 8 7 6 5 1 
7 路径: 8 7 6 5 2 1 
7 路径: 8 7 6 3 1 
7 路径: 8 7 6 5 3 1 
8 路径: 8 7 6 5 3 2 1 
8 路径: 8 4 3 1 
8 路径: 8 7 6 3 2 1 
8 路径: 8 5 4 3 1 
9 路径: 8 4 3 2 1 
9 路径: 8 5 4 3 2 1 
10 路径: 8 7 4 3 1 

