22 状态转移过程： 024657318 624057318 624357018 624357108 624357180 624350187 624305187 624035187 024635187 204635187 234605187 234065187 234165087 234165807 234165870 234160875 230164875 203164875 023164875 123064875 123864075 123864705 123804765 

26 状态转移过程： 587346120 587340126 587304126 507384126 057384126 357084126 357184026 357184206 357104286 307154286 370154286 374150286 374105286 304175286 034175286 134075286 134705286 134785206 134785026 134085726 134805726 134825706 134825760 134820765 130824765 103824765 123804765 

21 状态转移过程： 375148206 375108246 305178246 035178246 135078246 135708246 135780246 135786240 135786204 135786024 135086724 135806724 135826704 135826740 135820746 130825746 103825746 123805746 123845706 123845760 123840765 123804765 

26 状态转移过程： 512768340 512760348 512706348 512746308 512746038 512046738 012546738 102546738 142506738 142056738 142756038 142756308 142756380 142750386 142705386 142785306 142785036 142085736 142805736 142835706 142835760 142830765 142803765 102843765 120843765 123840765 123804765 

0 状态转移过程： 123804765 

